16 100
0001111000111000
0000101010100010
0001100001100110
0110001001101111
1011111100100011
0101100101010101
0110111001110010
0101000111100001
1110110110111111
0100011001000011
0011001110000110
0110111111111101
1010010001100011
1110011001110000
1000111010011001
1001100110011111
0100000011101111
1011101001011001
0001001011001011
1101011111110000
1110011000010011
1001010101000111
1010001011111000
0100001001000111
0000101010100011
0011000110101000
1011001001011110
1111000101001000
0101101010000001
0110101100101101
1001101010100000
1011101010100111
0011110111000110
0011101100110101
0101100010110100
0100010010111011
1000010010001111
1000110000110110
1110110000010110
1000001001111011
0011110111110100
0000011000000101
0100101100010001
0001110100111011
0101110001100000
1101110111011101
0100111111100011
0100011110100010
0010110011000111
1011001010111101
0110010000001111
1001000100010101
0001000100010111
1111000101101101
1110000110111010
1100011001111000
0111100111001011
0110110110010011
0011001000111000
0100111010111110
1010111000010110
0011110110010101
1101101000101101
0010110011010101
1100001000110100
0111100101111100
1001001011010110
1010000101001011
1000101010111000
0100100000001010
0011011000100111
0100001100001010
0100010010110110
0011001000000111
1011110100101110
0100010010110011
1011010101111100
0110101011010010
1101110111011100
0011011001100100
1000010101100101
0101100010111111
1011101011000000
1011001111010111
0011111001000101
0111011111100001
0010111100111111
1011111001001110
0000101101000100
1010011011011001
0100001011111100
1001111101100101
0001000010000010
1011110010110011
0000100110111110
1101101111001100
1000011110010110
1001110001101111
0100011100111011
0000001001100111
1010000100100010
